 !! ---------- Fit Parameter Table -----------------
!!KERNEL_FILE                                                                                                         
 !! ENERGY,WESUM,ESUM,NCASE, DR,DUMMY,DZ,IR,IZ,Z0
 !!  0.3569677      3.5689788E+07  1.4713424E+07   100000000  0.2000000    
 !!  0.0000000E+00  0.2000000             101         201   20.00000    
 !! Minimum radius for fitting (> outer source channel)  0.2000000    
 !! Minimum and maximum angles to fit directly for primary
 !! and scatter respectively. The rest is interpolated 
 !!   5.000000       175.0000       8.000000       172.0000    
!!  0.30E-01  0.90E-01  0.40E-04  0.43E+00  -.40E-02  0.70E-02  0.60E-01
!! angle      a1                 a2              a3        b1                b2              b3              b4       
   [deg]
!!____________________________________________________________________________________________________________________
    0.0   0.1632033E-01   0.1846557       0.3387102E-02   0.6640927      -0.1074690E-02   0.4679850E-02   0.6950590E-01
    1.0   0.1638012E-01   0.1800208       0.3187080E-02   0.6641387      -0.1062789E-02   0.4680656E-02   0.6949304E-01
    2.0   0.1658528E-01   0.1687822       0.2702356E-02   0.6643546      -0.1028867E-02   0.4682536E-02   0.6945696E-01
    3.0   0.1695687E-01   0.1559694       0.2150123E-02   0.6647192      -0.9777976E-03   0.4685618E-02   0.6940338E-01
    4.0   0.1745708E-01   0.1449015       0.1673222E-02   0.6652312      -0.9158892E-03   0.4689796E-02   0.6933975E-01
    5.0   0.1801577E-01   0.1365340       0.1312508E-02   0.6658725      -0.8493214E-03   0.4694879E-02   0.6927257E-01
    6.0   0.1824976E-01   0.1266609       0.9184882E-03   0.6668232      -0.7828057E-03   0.4699170E-02   0.6920772E-01
    7.0   0.1874353E-01   0.1214592       0.7095296E-03   0.6676321      -0.7202375E-03   0.4705339E-02   0.6914677E-01
    8.0   0.1942325E-01   0.1212670       0.7275273E-03   0.6684743      -0.6633059E-03   0.4711642E-02   0.6909173E-01
    9.0   0.1952840E-01   0.1129353       0.2861910E-03   0.6668869      -0.5721395E-03   0.4730363E-02   0.6898686E-01
   10.0   0.2016428E-01   0.1138018       0.3334890E-03   0.6665083      -0.5220613E-03   0.4743122E-02   0.6903649E-01
   11.0   0.2085720E-01   0.1157631       0.4590128E-03   0.6645949      -0.4379890E-03   0.4743950E-02   0.6896368E-01
   12.0   0.2153061E-01   0.1178334       0.5893412E-03   0.6636403      -0.3964443E-03   0.4750980E-02   0.6865989E-01
   13.0   0.2185290E-01   0.1153101       0.4417119E-03   0.6639038      -0.3874724E-03   0.4776832E-02   0.6906227E-01
   14.0   0.2240309E-01   0.1159087       0.4346629E-03   0.6632389      -0.3395174E-03   0.4773070E-02   0.6833430E-01
   15.0   0.2270568E-01   0.1138278       0.3253739E-03   0.6645799      -0.3579791E-03   0.4802337E-02   0.6881535E-01
   16.0   0.2321262E-01   0.1160859       0.4969814E-03   0.6622345      -0.3366543E-03   0.4827988E-02   0.6872605E-01
   17.0   0.2340638E-01   0.1135857       0.3338401E-03   0.6614609      -0.3177420E-03   0.4847092E-02   0.6872760E-01
   18.0   0.2379905E-01   0.1146266       0.3938954E-03   0.6623203      -0.2997254E-03   0.4856118E-02   0.6892966E-01
   19.0   0.2393846E-01   0.1122048       0.2688365E-03   0.6633988      -0.2909425E-03   0.4866553E-02   0.6897321E-01
   20.0   0.2411077E-01   0.1102718       0.1827796E-03   0.6599619      -0.2351808E-03   0.4868548E-02   0.6833628E-01
   21.0   0.2455042E-01   0.1125680       0.3140224E-03   0.6562413      -0.2222671E-03   0.4904673E-02   0.6821160E-01
   22.0   0.2473925E-01   0.1111191       0.2086483E-03   0.6567159      -0.2089762E-03   0.4913121E-02   0.6834073E-01
   23.0   0.2488146E-01   0.1095673       0.1108906E-03   0.6572102      -0.2237969E-03   0.4938120E-02   0.6827846E-01
   24.0   0.2502405E-01   0.1084278       0.4928154E-04   0.6586089      -0.2303352E-03   0.4954193E-02   0.6858926E-01
   25.0   0.2534227E-01   0.1106153       0.2135317E-03   0.6582890      -0.2061598E-03   0.4953991E-02   0.6847569E-01
   26.0   0.2567139E-01   0.1123258       0.2860753E-03   0.6593190      -0.2062601E-03   0.4964634E-02   0.6873256E-01
   27.0   0.2579515E-01   0.1108092       0.1999535E-03   0.6568895      -0.1829867E-03   0.4974167E-02   0.6805089E-01
   28.0   0.2596348E-01   0.1102704       0.2032278E-03   0.6591843      -0.2081832E-03   0.4995139E-02   0.6838913E-01
   29.0   0.2621108E-01   0.1115045       0.2437523E-03   0.6581622      -0.2377575E-03   0.5047159E-02   0.6890699E-01
   30.0   0.2625614E-01   0.1099547       0.1468914E-03   0.6570284      -0.2082258E-03   0.5041014E-02   0.6843995E-01
   31.0   0.2655676E-01   0.1121852       0.2926836E-03   0.6566610      -0.2158606E-03   0.5068833E-02   0.6886172E-01
   32.0   0.2647446E-01   0.1090672       0.1117695E-03   0.6529134      -0.2044255E-03   0.5102939E-02   0.6883740E-01
   33.0   0.2670520E-01   0.1098891       0.1347350E-03   0.6524956      -0.1863746E-03   0.5101676E-02   0.6844962E-01
   34.0   0.2684582E-01   0.1100055       0.1633769E-03   0.6518013      -0.1913381E-03   0.5123483E-02   0.6841928E-01
   35.0   0.2694508E-01   0.1099269       0.1704120E-03   0.6521971      -0.2156034E-03   0.5159962E-02   0.6898980E-01
   36.0   0.2704875E-01   0.1097393       0.1383845E-03   0.6514024      -0.1952616E-03   0.5160354E-02   0.6886978E-01
   37.0   0.2709602E-01   0.1091388       0.1238842E-03   0.6493275      -0.1856284E-03   0.5177400E-02   0.6859813E-01
   38.0   0.2726491E-01   0.1109075       0.2273974E-03   0.6487387      -0.1733813E-03   0.5181801E-02   0.6856745E-01
   39.0   0.2717937E-01   0.1082365       0.6843921E-04   0.6489332      -0.1941075E-03   0.5213676E-02   0.6892086E-01
   40.0   0.2745826E-01   0.1106886       0.2300843E-03   0.6407253      -0.1855176E-03   0.5278441E-02   0.6868168E-01
   41.0   0.2730915E-01   0.1073362       0.4421577E-04   0.6373561      -0.1864838E-03   0.5316057E-02   0.6871238E-01
   42.0   0.2752883E-01   0.1085156       0.5184823E-04   0.6361291      -0.1925358E-03   0.5340218E-02   0.6868206E-01
   43.0   0.2758851E-01   0.1086676       0.7948471E-04   0.6349726      -0.1992562E-03   0.5369194E-02   0.6906149E-01
   44.0   0.2768278E-01   0.1090131       0.1102992E-03   0.6322373      -0.1894948E-03   0.5386465E-02   0.6851877E-01
   45.0   0.2797795E-01   0.1119740       0.2646263E-03   0.6335535      -0.2050327E-03   0.5402054E-02   0.6881517E-01
   46.0   0.2795772E-01   0.1106134       0.1994871E-03   0.6332567      -0.1972279E-03   0.5402899E-02   0.6870939E-01
   47.0   0.2793171E-01   0.1092499       0.1334141E-03   0.6328537      -0.1908541E-03   0.5402265E-02   0.6856396E-01
   48.0   0.2794956E-01   0.1085515       0.8489315E-04   0.6341616      -0.2103666E-03   0.5417326E-02   0.6879504E-01
   49.0   0.2819464E-01   0.1116629       0.2998968E-03   0.6334183      -0.1996284E-03   0.5414086E-02   0.6852420E-01
   50.0   0.2804340E-01   0.1085284       0.7137383E-04   0.6311231      -0.1932210E-03   0.5430992E-02   0.6839103E-01
   51.0   0.2806747E-01   0.1085693       0.9678267E-04   0.6324897      -0.2115993E-03   0.5447058E-02   0.6871264E-01
   52.0   0.2825517E-01   0.1101798       0.1844318E-03   0.6314284      -0.1950232E-03   0.5440651E-02   0.6838246E-01
   53.0   0.2830923E-01   0.1106381       0.2202977E-03   0.6306089      -0.2056790E-03   0.5464979E-02   0.6860732E-01
   54.0   0.2819708E-01   0.1083693       0.1045809E-03   0.6284654      -0.2261745E-03   0.5510666E-02   0.6880766E-01
   55.0   0.2822579E-01   0.1078603       0.8195981E-04   0.6233450      -0.2229437E-03   0.5554532E-02   0.6873134E-01
   56.0   0.2831407E-01   0.1078765       0.4895604E-04   0.6210361      -0.2204866E-03   0.5574472E-02   0.6857263E-01
   57.0   0.2843106E-01   0.1089530       0.1209125E-03   0.6189163      -0.2197613E-03   0.5594122E-02   0.6835052E-01
   58.0   0.2837203E-01   0.1078569       0.6250798E-04   0.6163881      -0.2391093E-03   0.5645748E-02   0.6874377E-01
   59.0   0.2849536E-01   0.1090436       0.1245052E-03   0.6166865      -0.2435540E-03   0.5652815E-02   0.6881983E-01
   60.0   0.2850907E-01   0.1087813       0.1011444E-03   0.6111234      -0.2385134E-03   0.5702027E-02   0.6891387E-01
   61.0   0.2855039E-01   0.1090431       0.1033979E-03   0.6080230      -0.2494351E-03   0.5743742E-02   0.6877015E-01
   62.0   0.2862612E-01   0.1099193       0.1554352E-03   0.5981139      -0.2545547E-03   0.5843518E-02   0.6868329E-01
   63.0   0.2852332E-01   0.1086445       0.1254604E-03   0.5977725      -0.2511005E-03   0.5843865E-02   0.6858724E-01
   64.0   0.2837710E-01   0.1067645       0.1892138E-04   0.5981939      -0.2598564E-03   0.5851852E-02   0.6861475E-01
   65.0   0.2847311E-01   0.1077315       0.7001727E-04   0.5961505      -0.2636942E-03   0.5876472E-02   0.6860928E-01
   66.0   0.2842740E-01   0.1067262       0.1969854E-04   0.5962400      -0.2680818E-03   0.5881476E-02   0.6863558E-01
   67.0   0.2837244E-01   0.1064016       0.2023400E-04   0.5944487      -0.2792843E-03   0.5913693E-02   0.6880970E-01
   68.0   0.2844562E-01   0.1072690       0.4391726E-04   0.5908864      -0.2918996E-03   0.5961252E-02   0.6873895E-01
   69.0   0.2839514E-01   0.1063929       0.2432179E-04   0.5878153      -0.2861508E-03   0.5981968E-02   0.6859349E-01
   70.0   0.2842383E-01   0.1064195       0.1931451E-04   0.5822430      -0.2864126E-03   0.6033403E-02   0.6854259E-01
   71.0   0.2840979E-01   0.1060494      -0.3255380E-05   0.5800672      -0.3110805E-03   0.6082376E-02   0.6879512E-01
   72.0   0.2830357E-01   0.1040849      -0.1452744E-03   0.5775371      -0.3139705E-03   0.6105460E-02   0.6860670E-01
   73.0   0.2831226E-01   0.1036314      -0.1860150E-03   0.5747378      -0.3110625E-03   0.6125192E-02   0.6841498E-01
   74.0   0.2850322E-01   0.1062415       0.2526094E-04   0.5688985      -0.3178363E-03   0.6189213E-02   0.6830801E-01
   75.0   0.2840088E-01   0.1045935      -0.1115006E-03   0.5680152      -0.3366308E-03   0.6221068E-02   0.6866787E-01
   76.0   0.2852699E-01   0.1061587      -0.2303733E-04   0.5634935      -0.3309296E-03   0.6256405E-02   0.6843391E-01
   77.0   0.2849546E-01   0.1058721       0.6255534E-05   0.5568495      -0.3517789E-03   0.6361739E-02   0.6887555E-01
   78.0   0.2833059E-01   0.1034429      -0.1480096E-03   0.5531769      -0.3537057E-03   0.6408022E-02   0.6868023E-01
   79.0   0.2851641E-01   0.1057533      -0.3913168E-04   0.5401314      -0.3727709E-03   0.6583338E-02   0.6884288E-01
   80.0   0.2862163E-01   0.1080114       0.1249207E-03   0.5380939      -0.3727443E-03   0.6608506E-02   0.6884461E-01
   81.0   0.2856405E-01   0.1068458       0.3906186E-04   0.5276139      -0.3687033E-03   0.6726534E-02   0.6865133E-01
   82.0   0.2828451E-01   0.1028410      -0.1804294E-03   0.5241238      -0.3728211E-03   0.6779757E-02   0.6892384E-01
   83.0   0.2842027E-01   0.1047937      -0.8201615E-04   0.5114630      -0.3718274E-03   0.6936027E-02   0.6844350E-01
   84.0   0.2830301E-01   0.1030815      -0.1642692E-03   0.5070502      -0.3675905E-03   0.6993143E-02   0.6837455E-01
   85.0   0.2852776E-01   0.1057141      -0.1837904E-04   0.4994571      -0.3762264E-03   0.7111374E-02   0.6851113E-01
   86.0   0.2846994E-01   0.1043241      -0.1207893E-03   0.4896544      -0.3742123E-03   0.7246572E-02   0.6830639E-01
   87.0   0.2843673E-01   0.1040937      -0.1321769E-03   0.4851253      -0.3731332E-03   0.7312737E-02   0.6823926E-01
   88.0   0.2836952E-01   0.1033142      -0.1899232E-03   0.4855294      -0.3839632E-03   0.7326260E-02   0.6857151E-01
   89.0   0.2849234E-01   0.1050929      -0.4507149E-04   0.4704020      -0.3745586E-03   0.7528916E-02   0.6795961E-01
   90.0   0.2840358E-01   0.1027169      -0.2482144E-03   0.4782979      -0.3716781E-03   0.7406972E-02   0.6815988E-01
   91.0   0.2840358E-01   0.1027169      -0.2482144E-03   0.4782979      -0.3716781E-03   0.7406972E-02   0.6815988E-01
   92.0   0.2858412E-01   0.1057326      -0.2759098E-04   0.4821236      -0.3638559E-03   0.7337473E-02   0.6812451E-01
   93.0   0.2845828E-01   0.1038285      -0.1513823E-03   0.5199275      -0.3538010E-03   0.6822007E-02   0.6866115E-01
   94.0   0.2859255E-01   0.1056395      -0.6276449E-04   0.5241472      -0.3477475E-03   0.6756427E-02   0.6837541E-01
   95.0   0.2845654E-01   0.1038875      -0.1579446E-03   0.5387833      -0.3486924E-03   0.6583871E-02   0.6845202E-01
   96.0   0.2859927E-01   0.1062946       0.2526179E-04   0.5396633      -0.3604146E-03   0.6590581E-02   0.6889822E-01
   97.0   0.2851813E-01   0.1050925      -0.5326946E-04   0.5471920      -0.3354636E-03   0.6467177E-02   0.6853621E-01
   98.0   0.2852914E-01   0.1057597      -0.2508232E-04   0.5516309      -0.3380810E-03   0.6419100E-02   0.6863280E-01
   99.0   0.2861716E-01   0.1073175       0.7505377E-04   0.5542008      -0.3436387E-03   0.6397497E-02   0.6878843E-01
  100.0   0.2863456E-01   0.1076071       0.8752025E-04   0.5585295      -0.3447183E-03   0.6350563E-02   0.6878053E-01
  101.0   0.2856690E-01   0.1067596       0.2471632E-04   0.5720587      -0.3415005E-03   0.6204761E-02   0.6895415E-01
  102.0   0.2857680E-01   0.1069262       0.4152574E-04   0.5746611      -0.3215765E-03   0.6148146E-02   0.6871715E-01
  103.0   0.2858661E-01   0.1065935      -0.1020185E-04   0.5792551      -0.3265129E-03   0.6106635E-02   0.6890322E-01
  104.0   0.2851407E-01   0.1063652       0.1321533E-04   0.5847954      -0.3251494E-03   0.6048085E-02   0.6893868E-01
  105.0   0.2841046E-01   0.1049807      -0.1055426E-03   0.5867147      -0.3206747E-03   0.6028479E-02   0.6892525E-01
  106.0   0.2851315E-01   0.1068878       0.4801758E-04   0.6004958      -0.3202045E-03   0.5906512E-02   0.6911741E-01
  107.0   0.2827555E-01   0.1032639      -0.1837190E-03   0.6043745      -0.3135237E-03   0.5867080E-02   0.6918603E-01
  108.0   0.2841165E-01   0.1052821      -0.6704878E-04   0.6113542      -0.2956981E-03   0.5785191E-02   0.6919151E-01
  109.0   0.2833263E-01   0.1049857      -0.8503665E-04   0.6168567      -0.2788875E-03   0.5716919E-02   0.6891531E-01
  110.0   0.2842295E-01   0.1064355       0.1268719E-04   0.6190030      -0.2751336E-03   0.5696013E-02   0.6883848E-01
  111.0   0.2841739E-01   0.1065802       0.1738499E-05   0.6189621      -0.2663847E-03   0.5688531E-02   0.6880750E-01
  112.0   0.2843670E-01   0.1073282       0.7274983E-04   0.6228163      -0.2563989E-03   0.5646492E-02   0.6895416E-01
  113.0   0.2825774E-01   0.1042714      -0.1605296E-03   0.6253862      -0.2560572E-03   0.5629338E-02   0.6924183E-01
  114.0   0.2846347E-01   0.1076946       0.8153281E-04   0.6277570      -0.2347629E-03   0.5582477E-02   0.6880323E-01
  115.0   0.2851798E-01   0.1083469       0.1080503E-03   0.6281760      -0.2353795E-03   0.5583082E-02   0.6898151E-01
  116.0   0.2839292E-01   0.1066737       0.1948086E-04   0.6280578      -0.2260874E-03   0.5574659E-02   0.6889839E-01
  117.0   0.2850175E-01   0.1083358       0.1042194E-03   0.6346354      -0.2268898E-03   0.5524214E-02   0.6926242E-01
  118.0   0.2845945E-01   0.1087079       0.1318286E-03   0.6380590      -0.2165783E-03   0.5480442E-02   0.6894265E-01
  119.0   0.2842646E-01   0.1089242       0.1373183E-03   0.6416512      -0.2116448E-03   0.5442689E-02   0.6875181E-01
  120.0   0.2834930E-01   0.1084052       0.1099542E-03   0.6480263      -0.2153630E-03   0.5398070E-02   0.6910522E-01
  121.0   0.2815455E-01   0.1057941      -0.2506098E-04   0.6504173      -0.2187434E-03   0.5382564E-02   0.6932100E-01
  122.0   0.2826571E-01   0.1070039       0.1428104E-04   0.6487457      -0.1959042E-03   0.5361726E-02   0.6880401E-01
  123.0   0.2826681E-01   0.1072532       0.3875835E-04   0.6575177      -0.2022733E-03   0.5296892E-02   0.6910164E-01
  124.0   0.2817960E-01   0.1064510      -0.6412851E-05   0.6568091      -0.1933648E-03   0.5286915E-02   0.6892446E-01
  125.0   0.2828259E-01   0.1086360       0.1303382E-03   0.6596925      -0.1868960E-03   0.5252940E-02   0.6886035E-01
  126.0   0.2819118E-01   0.1082211       0.8878818E-04   0.6618733      -0.1895965E-03   0.5233580E-02   0.6887263E-01
  127.0   0.2803568E-01   0.1064979      -0.4024111E-04   0.6633145      -0.1856178E-03   0.5213916E-02   0.6890718E-01
  128.0   0.2825084E-01   0.1101352       0.1936628E-03   0.6671200      -0.1868420E-03   0.5181837E-02   0.6886044E-01
  129.0   0.2819665E-01   0.1102039       0.1914529E-03   0.6690671      -0.1747331E-03   0.5145397E-02   0.6848304E-01
  130.0   0.2807475E-01   0.1090045       0.1217833E-03   0.6701396      -0.1914471E-03   0.5151724E-02   0.6898087E-01
  131.0   0.2801470E-01   0.1088508       0.1062567E-03   0.6718467      -0.1920079E-03   0.5132418E-02   0.6892840E-01
  132.0   0.2801518E-01   0.1093126       0.9683243E-04   0.6736065      -0.1900065E-03   0.5111660E-02   0.6907991E-01
  133.0   0.2787194E-01   0.1087693       0.1178501E-03   0.6764562      -0.1831327E-03   0.5075426E-02   0.6894641E-01
  134.0   0.2786341E-01   0.1097792       0.1896927E-03   0.6759413      -0.1807186E-03   0.5068771E-02   0.6893940E-01
  135.0   0.2795385E-01   0.1120461       0.3311043E-03   0.6750021      -0.1738852E-03   0.5058507E-02   0.6871795E-01
  136.0   0.2768657E-01   0.1090306       0.1018141E-03   0.6749058      -0.1760107E-03   0.5051498E-02   0.6864881E-01
  137.0   0.2758714E-01   0.1089201       0.1069439E-03   0.6763283      -0.1767362E-03   0.5034191E-02   0.6870984E-01
  138.0   0.2756907E-01   0.1093876       0.1513465E-03   0.6781433      -0.1832745E-03   0.5018297E-02   0.6866382E-01
  139.0   0.2764606E-01   0.1113786       0.2412116E-03   0.6787255      -0.1743828E-03   0.4993975E-02   0.6850871E-01
  140.0   0.2743848E-01   0.1099829       0.1784295E-03   0.6794802      -0.1696746E-03   0.4971552E-02   0.6853060E-01
  141.0   0.2738109E-01   0.1101195       0.1741124E-03   0.6806223      -0.1709365E-03   0.4953087E-02   0.6838309E-01
  142.0   0.2737537E-01   0.1113553       0.2618621E-03   0.6906737      -0.1962879E-03   0.4900567E-02   0.6890357E-01
  143.0   0.2711497E-01   0.1087826       0.8336906E-04   0.6932607      -0.1875047E-03   0.4861126E-02   0.6869111E-01
  144.0   0.2702815E-01   0.1087455       0.7634969E-04   0.6989858      -0.1967651E-03   0.4819094E-02   0.6869303E-01
  145.0   0.2704570E-01   0.1113978       0.2772470E-03   0.7063227      -0.2067268E-03   0.4769235E-02   0.6878467E-01
  146.0   0.2681034E-01   0.1102242       0.2095875E-03   0.7055011      -0.2075575E-03   0.4760814E-02   0.6855173E-01
  147.0   0.2662952E-01   0.1090867       0.1312494E-03   0.7075159      -0.2198083E-03   0.4750113E-02   0.6907889E-01
  148.0   0.2656266E-01   0.1101836       0.1977067E-03   0.7062147      -0.2152850E-03   0.4738764E-02   0.6881359E-01
  149.0   0.2666106E-01   0.1134723       0.3414165E-03   0.7118199      -0.2247620E-03   0.4698186E-02   0.6894635E-01
  150.0   0.2633059E-01   0.1109962       0.2217107E-03   0.7128676      -0.2318524E-03   0.4683605E-02   0.6897148E-01
  151.0   0.2626872E-01   0.1121189       0.2917725E-03   0.7118334      -0.2072398E-03   0.4656083E-02   0.6861681E-01
  152.0   0.2608041E-01   0.1114494       0.2403290E-03   0.7123529      -0.2214631E-03   0.4655826E-02   0.6889763E-01
  153.0   0.2589656E-01   0.1114957       0.2336567E-03   0.7150973      -0.2252856E-03   0.4630206E-02   0.6887593E-01
  154.0   0.2568086E-01   0.1114944       0.2694518E-03   0.7165751      -0.2348718E-03   0.4617981E-02   0.6890342E-01
  155.0   0.2561896E-01   0.1132813       0.3882090E-03   0.7148000      -0.2202766E-03   0.4603952E-02   0.6854008E-01
  156.0   0.2515978E-01   0.1091447       0.1167141E-03   0.7169581      -0.2397747E-03   0.4596793E-02   0.6889952E-01
  157.0   0.2509468E-01   0.1115564       0.2700763E-03   0.7179379      -0.2444703E-03   0.4581721E-02   0.6893038E-01
  158.0   0.2495701E-01   0.1128009       0.2788028E-03   0.7217016      -0.2698711E-03   0.4568561E-02   0.6928417E-01
  159.0   0.2472017E-01   0.1130069       0.3386084E-03   0.7212713      -0.2574315E-03   0.4550018E-02   0.6909515E-01
  160.0   0.2444007E-01   0.1122464       0.2809226E-03   0.7192920      -0.2396026E-03   0.4534451E-02   0.6872275E-01
  161.0   0.2414824E-01   0.1110315       0.1810463E-03   0.7189210      -0.2506933E-03   0.4529666E-02   0.6890996E-01
  162.0   0.2401442E-01   0.1132611       0.3211558E-03   0.7204146      -0.2475425E-03   0.4501402E-02   0.6900438E-01
  163.0   0.2345779E-01   0.1093338       0.9250569E-04   0.7201889      -0.2567503E-03   0.4484707E-02   0.6857555E-01
  164.0   0.2333127E-01   0.1128919       0.3032188E-03   0.7216606      -0.2690397E-03   0.4464831E-02   0.6872324E-01
  165.0   0.2300806E-01   0.1138772       0.3937560E-03   0.7197509      -0.2649163E-03   0.4451173E-02   0.6845821E-01
  166.0   0.2277819E-01   0.1149684       0.4386189E-03   0.7229330      -0.3131701E-03   0.4446185E-02   0.6880522E-01
  167.0   0.2222640E-01   0.1111802       0.1994506E-03   0.7268919      -0.3536056E-03   0.4433913E-02   0.6935579E-01
  168.0   0.2211503E-01   0.1157955       0.4562167E-03   0.7259464      -0.3613162E-03   0.4426825E-02   0.6926099E-01
  169.0   0.2121401E-01   0.1087804       0.6024815E-04   0.7260434      -0.3925911E-03   0.4426338E-02   0.6931949E-01
  170.0   0.2122669E-01   0.1150915       0.4250975E-03   0.7249347      -0.3999315E-03   0.4417193E-02   0.6922913E-01
  171.0   0.2068271E-01   0.1129325       0.3171200E-03   0.7252662      -0.4287203E-03   0.4409756E-02   0.6925025E-01
  172.0   0.2042841E-01   0.1153162       0.4149736E-03   0.7321960      -0.6049407E-03   0.4442121E-02   0.7037442E-01
  173.0   0.2043480E-01   0.1216460       0.7461949E-03   0.7317424      -0.6442667E-03   0.4439261E-02   0.7050569E-01
  174.0   0.1973669E-01   0.1175308       0.5079173E-03   0.7311180      -0.6834611E-03   0.4435361E-02   0.7061921E-01
  175.0   0.1946381E-01   0.1198033       0.6225623E-03   0.7283691      -0.7227010E-03   0.4442204E-02   0.7070085E-01
  176.0   0.1898428E-01   0.1213454       0.6877008E-03   0.7273989      -0.7564063E-03   0.4436512E-02   0.7075676E-01
  177.0   0.1851206E-01   0.1231494       0.7651462E-03   0.7264000      -0.7843935E-03   0.4430307E-02   0.7078182E-01
  178.0   0.1810174E-01   0.1249825       0.8448361E-03   0.7249579      -0.8057290E-03   0.4427766E-02   0.7078055E-01
  179.0   0.1781822E-01   0.1264136       0.9075750E-03   0.7242434      -0.8185279E-03   0.4424077E-02   0.7077133E-01
  180.0   0.1771644E-01   0.1269632       0.9317755E-03   0.7233540      -0.8235204E-03   0.4426577E-02   0.7076438E-01
